10001921
10001929
10001930
10002017
10002021
10002047
10002094
10002107
10002114
10002150
10002170
10002191
10002204
10002240
10002246
10002263
10002276
10002280
10002349
10002355
10002357
10002431
10002459
10002512
10002538
10002556
10002636
10002674
10002682
10002685
10002714
10002742
10002768
10002797
10002820
10002827
10002856
10002904
10002907
10002944
10002946
10002976
10003075
10003133
10003190
10003197
10003230
10003319
10003330
10003363
10003375
10003410
10003423
10003428
10003432
10003490
10003593
10003600
10003630
10003642
10003672
10003696
10003697
10003702
10003705
10003708
10003730
10003736
10003744
10003745
10003746
10003792
10003869
10004002
10004010
10004060
10004084
10004092
10004099
10004156
10004186
10004194
10004243
10004284
10004286
10004344
10004371
10004405
10004436
10004441
10004455
10004469
10004494
10004526
10004539
10004546
10004554
10004565
10004604
10004616
10004663
10004666
10004678
10004703
10004719
10004744
10004753
10004783
10004818
10004835
10004845
10004866
10004884
10004903
10004907
10004931
10004935
10004951
10005005
10005018
10005038
10005069
10005070
10005083
10005101
10005108
10005192
10005198
10005232
10005266
10005275
10005286
10005296
10005309
10005314
10005352
10005363
10005484
10005498
10005533
10005535
10005582
10005728
10005737
10005789
10005844
10005850
10005876
10005897
10005927
10006010
10006046
10006047
10006054
10006137
10006140
10006149
10006164
10006174
10006214
10006215
10006216
10006230
10006424
10006430
10006436
10006535
10006589
10006605
10006644
10006651
10006677
10006729
10006733
10006796
10006824
10006857
10006920
10006929
10006966
10006977
10007018
10007066
10007067
10007142
10007151
10007265
10007284
10007286
10007320
10007326
10007339
10007454
10007492
10007546
10007569
10007641
10007642
10007643
10007683
10007685
10007704
10007897
10007919
10007964
10008079
10008113
10008133
10008193
10008214
10008215
10008216
10008226
10008238
10008239
10008242
10008287
10008357
10008371
10008372
10008374
10008375
10008376
10008383
10008418
10008455
10008659
10008660
10008725
10008741
10008832
10008882
10008885
10008921
10008936
10008962
10008964
10009027
10009028
10009041
10009116
10009118
10009237
10009243
10009332
10009334
10009458
10009508
10009517
10009527
10009541
10009548
10009577
10009623
10009757
10009782
10009825
10009896
10009963
10009965
10009966
10009988
10009990
10009991
10010043
10010175
10010298
10010331
10010363
10010382
10010383
10010501
10010518
10010560
10010590
10010648
10010649
10010650
10010721
10010729
10010740
10010868
10010904
10010910
10010932
10010951
10010965
10011040
10011041
10011042
10011105
10011107
10011171
10011172
10011174
10011201
10011202
10011215
10011246
10011247
10011266
10011272
10011296
10011364
10011378
10011454
10011592
10011704
10011713
10011714
10011831
10011832
10011834
10011835
10011882
10011883
10011885
10012006
10012015
10012019
10012064
10012179
10012315
10012377
10012404
10012416
10012479
10012481
10012506
10012508
10012560
10012618
10012626
10012676
10012749
10012892
10012925
10012928
10012930
10012964
10012994
10012996
10012997
10013048
10013052
10013086
10013087
10013088
10013089
10013095
10013097
10013219
10013221
10013315
10013316
10013441
10013457
10013632
10013637
10013776
10013781
10013903
10014073
10014084
10014085
10014176
10014229
10014230
10014267
10014284
10014304
10014306
10014343
10014344
10014346
10014394
10014454
10014483
10014485
10014582
10014583
10014615
10014656
10014684
10014685
10014686
10014727
10014776
10014823
10014904
10014940
10015072
10015107
10015136
10015167
10015168
10015173
10015254
10015255
10015315
10015316
10015317
10015318
10015360
10015442
10015463
10015464
10015472
10015500
10015501
10015502
10015613
10015616
10015617
10015619
10015625
10015627
10015687
10015694
10015725
10015726
10015727
10015830
10015859
10015861
10015877
10015878
10015904
10015933
10016010
10016078
10016136
10016240
10016241
10016242
10016277
10016325
10016363
10016364
10016365
10016433
10016497
10016570
10016688
10016702
10016773
10016824
10016871
10016899
10016900
10016962
10016975
10016976
10016985
10017006
10017122
10017205
10017262
10017263
10017299
10017343
10017453
10017502
10017528
10017529
10017530
10017666
10017732
10017739
10017789
10017845
10017846
10017847
10017855
10017981
10018003
10018010
10018028
10018029
10018034
10018053
10018070
10018071
10018093
10018104
10018162
10018165
10018172
10018173
10018181
10018207
10018208
10018209
10018210
10018262
10018294
10018297
10018358
10018363
10018558
10018559
10018563
10018654
10018700
10018738
10018740
10018772
10018906
10018928
10018929
10019014
10019086
10019113
10019123
10019180
10019211
10019225
10019372
10019381
10019398
10019399
10019515
10019522
10019527
10019654
10019665
10019684
10019869
10019892
10019898
10019920
10020023
10020038
10020083
10020092
10020110
10020114
10020221
10020227
10020310
10020348
10020349
10020352
10020362
10020363
10020404
10020415
10020418
10020425
10020483
10020541
10020625
10020690
10020732
10020737
10020739
10020740
10020749
10020816
10020839
10020997
10021100
10021251
10021252
10021253
10021348
10021425
10021470
10021530
10021539
10021580
10021591
10021596
10021635
10021656
10021657
10021660
10021667
10021678
10021702
10021705
10021718
10021732
10021736
10021772
10021791
10021794
10021799
10021828
10021832
10021861
10021867
10021878
10021905
10021942
10021944
10021946
10021959
10021977
10021986
10022110
10022137
10022138
10022165
10022194
10022202
10022212
10022213
10022232
10022267
10022279
10022291
10022293
10022300
10022327
10022344
10022356
10022378
10022382
10022431
10022453
10022458
10022483
10022484
10022496
10022502
10022530
10022558
10022585
10022603
10022606
10022627
10022661
10022662
10022738
10022749
10022756
10022761
10022771
10022797
10022802
10022808
10022821
10022832
10022841
10022852
10022865
10022967
10022973
10022976
10022992
10022996
10022999
10023019
10023047
10023068
10023072
10023098
10023099
10023142
10023176
10023185
10023192
10023208
10023305
10023306
10023322
10023360
10023389
10023390
10023405
10023431
10023439
10023443
10023496
10023504
10023543
10023560
10023575
10023583
10023591
10023618
10023624
10023681
10023733
10023735
10023762
10023772
10023780
10023823
10023840
10023842
10023862
10023865
10023924
10023963
10023997
10024005
10024032
10024053
10024087
10024100
10024114
10024124
10024128
10024133
10024143
10024170
10024172
10024182
10024200
10024202
10024255
10024292
10024330
10024334
10024341
10024360
10024368
10024373
10024392
10024401
10024405
10024444
10024447
10024453
10024470
10024481
10024484
10024492
10024500
10024533
10024539
10024568
10024586
10024590
10024594
10024599
10024600
10024614
10024621
10024646
10024654
10024661
10024682
10024699
10024700
10024765
10024817
10024853
10024863
10024872
10024883
10024892
10024901
10024916
10024922
10024927
10024939
10024946
10024955
10024962
10024995
10025005
10025006
10025014
10025041
10025057
10025061
10025063
10025067
10025071
10025082
10025100
10025114
10025134
10025141
10025142
10025147
10025153
10025160
10025168
10025191
10025203
10025207
10025222
10025251
10025285
10025324
10025381
10025398
10025407
10025410
10025413
10025417
10025427
10025433
10025440
10025468
10025474
10025475
10025482
10025483
10025506
10025508
10025525
10025531
10025565
10025567
10025629
10025637
10025639
10025643
10025650
10025653
10025667
10025701
10025702
10025706
10025716
10025719
10025724
10025725
10025726
10025744
10025756
10025786
10025801
10025807
10025818
10025819
10025820
10025821
10025825
10025877
10025884
10025892
10025896
10025956
10025965
10025966
10025971
10026005
10026018
10026019
10026020
10026023
10026032
10026044
10026045
10026053
10026059
10026091
10026097
10026104
10026118
10026147
10026162
10026163
10026179
10026184
10026199
10026217
10026218
10026223
10026226
10026228
10026265
10026268
10026287
10026331
10026332
10026362
10026365
10026367
10026386
10026389
10026453
10026457
10026471
10026483
10026487
10026521
10026525
10026528
10026534
10026540
10026541
10026562
10026573
10026585
10026586
10026592
10026595
10026596
10026636
10026637
10026639
10026681
10026729
10026740
10026750
10026782
10026785
10026793
10026799
10026825
10026827
10026863
10026876
10026877
10026908
10026910
10026915
10026925
10026928
10026932
10026946
10026951
10026962
10026974
10026995
10027015
10027016
10027057
10027067
10027077
10027108
10027116
10027136
10027168
10027169
10027170
10027172
10027176
10027210
10027213
10027241
10027260
10027271
10027275
10027288
10027294
10027296
10027320
10027351
10027357
10027362
10027386
10027388
10027394
10027402
10027405
10027414
10027420
10027428
10027430
10027451
10027462
10027463
10027482
10027491
10027506
10027521
10027535
10027556
10027558
10027586
10027594
10027598
10027606
10027619
10027639
10027665
10027694
10027701
10027705
10027743
10027749
10027767
10027770
10027771
10027803
10027815
10027876
10027884
10027934
10027940
10027941
10027986
10027998
10028002
10028010
10028019
10028037
10028060
10028062
10028078
10028094
10028099
10028111
10028117
10028139
10028144
10028163
10028178
10028182
10028208
10028210
10028215
10028237
10028240
10028245
10028246
10028251
10028257
10028275
10028289
10028304
10028309
10028310
10028324
10028325
10028329
10028345
10028373
10028387
10028405
10028422
10028424
10028441
10028466
10028469
10028478
10028493
10028496
10028508
10028520
10028524
10028533
10028572
10028578
10028595
10028596
10028617
10028629
10028631
10028639
10028646
10028649
10028665
10028667
10028678
10028698
10028709
10028725
10028729
10028755
10028756
10028788
10028812
10028825
10028827
10028828
10028829
10028843
10028848
10028857
10028877
10028892
10028930
10028936
10028941
10028984
10029005
10029007
10029017
10029052
10029065
10029069
10029102
10029117
10029142
10029157
10029168
10029185
10029186
10029208
10029210
10029216
10029217
10029253
10029255
10029264
10029280
10029281
10029329
10029350
10029351
10029352
10029377
10029390
10029393
10029409
10029422
10029431
10029448
10029451
10029462
10029517
10029519
10029520
10029544
10029585
10029587
10029589
10029591
10029597
10029611
10029617
10029618
10029626
10029632
10029639
10029656
10029678
10029680
10029694
10029710
10029711
10029714
10029719
10029724
10029725
10029729
10029753
10029759
10029772
10029786
10029805
10029811
10029818
10029827
10029845
10029847
10029849
10029858
10029866
10029892
10029899
10029906
10029910
10029913
10029965
10029982
10029999
10030060
10030071
10030073
10030078
10030085
10030116
10030120
10030135
10030142
10030149
10030150
10030156
10030157
10030158
10030159
10030172
10030173
10030174
10030233
10030238
10030251
10030263
10030288
10030293
10030306
10030328
10030330
10030342
10030387
10030428
10030433
10030438
10030460
10030465
10030552
10030556
10030566
10030573
10030576
10030587
10030640
10030659
10030662
10030663
10030678
10030699
10030700
10030708
10030710
10030711
10030718
10030720
10030723
10030724
10030731
10030803
10030834
10030852
10030854
10030882
10030887
10030888
10030894
10030959
10030968
10030973
10030985
10031017
10031020
10031033
10031076
10031091
10031096
10031098
10031118
10031122
10031131
10031132
10031133
10031149
10031169
10031176
10031182
10031209
10031233
10031258
10031273
10031277
10031292
10031345
10031354
10031446
10031468
10031473
10031503
10031514
10031537
10031559
10031592
10031605
10031630
10031635
10031649
10031653
10031659
10031692
10031694
10031706
10031710
10031721
10031753
10031754
10031786
10031836
10031841
10031881
10031895
10031906
10031919
10031935
10031937
10031976
10031982
10031984
10032009
10032014
10032017
10032028
10032029
10032044
10032053
10032055
10032060
10032063
10032077
10032081
10032088
10032108
10032132
10032134
10032153
10032161
10032171
10032183
10032190
10032211
10032247
10032262
10032269
10032270
10032293
10032311
10032322
10032333
10032348
10032369
10032372
10032376
10032413
10032429
10032436
10032447
10032451
10032479
10032482
10032483
10032500
10032504
10032505
10032531
10032542
10032546
10032558
10032580
10032590
10032605
10032656
10032658
10032688
10032689
10032704
10032707
10032712
10032714
10032715
10032720
10032728
10032729
10032730
10032742
10032769
10032777
10032779
10032784
10032831
10032844
10032845
10032849
10032852
10032885
10032892
10032901
10032916
10032930
10032936
10032939
10033023
10033032
10033036
10033039
10033040
10033046
10033049
10033057
10033061
10033083
10033089
10033091
10033092
10033093
10033103
10033119
10033123
10033148
10033194
10033264
10033289
10033427
10033432
10033473
10033487
10033501
10033512
10033530
10033542
10033579
10033594
10033599
10033613
10033628
10033675
10033685
10033687
10033693
10033700
10033705
10033733
10033820
10033850
10033891
10033921
10033954
10033961
10033976
10033998
10034009
10034019
10034046
10034073
10034124
10034138
10034153
10034158
10034165
10034186
10034199
10034250
10034254
10034285
10034316
10034334
10034371
10034392
10034399
10034435
10034440
10034453
10034494
10034527
10034537
10034559
10034562
10034578
10034611
10034644
10034655
10034658
10034671
10034686
10034694
10034710
10034733
10034737
10034739
10034743
10034756
10034814
10034818
10034825
10034826
10034870
10034897
10034945
10034982
10035052
10035067
10035081
10035095
10035102
10035112
10035161
10035202
10035230
10035259
10035263
10035271
10035316
10035317
10035334
10035366
10035379
10035388
10035411
10035436
10035440
10035453
10035559
10035573
10035590
10035622
10035628
10035641
10035648
10035667
10035720
10035724
10035726
10035735
10035788
10035820
10035832
10035844
10035854
10035862
10035875
10035877
10035902
10035920
10035924
10035935
10035940
10035947
10035965
10035970
10035971
10036046
10036049
10036096
10036123
10036129
10036140
10036177
10036178
10036209
10036216
10036221
10036224
10036231
10036259
10036307
10036338
10036370
10036388
10036393
10036402
10036418
10036420
10036424
10036426
10036428
10036433
10036446
10036452
10036475
10036572
10036598
10036630
10036636
10036652
10036677
10036679
10036714
10036715
10036731
10036805
10036807
10036835
10036850
10036868
10036924
10036928
10036931
10036935
10036944
10036962
10036963
10036969
10036975
10036980
10036984
10036989
10036999
10037024
10037052
10037059
10037060
10037079
10037122
10037123
10037162
10037246
10037252
10037266
10037271
10037326
10037347
10037351
10037402
10037412
10037436
10037455
10037470
10037476
10037484
10037507
10037536
10037538
10037543
10037628
10037636
10037666
10037672
10037715
10037718
10037811
10037826
10037831
10037836
10037847
10037863
10037877
10037891
10037896
10037964
10037974
10037980
10037983
10037993
10037994
10038013
10038015
10038036
10038050
10038064
10038075
10038077
10038096
10038117
10038191
10038197
10038201
10038238
10038304
10038306
10038308
10038319
10038321
10038326
10038335
10038354
10038365
10038377
10038399
10038420
10038446
10038473
10038478
10038484
10038489
10038498
10038544
10038546
10038547
10038583
10038589
10038590
10038602
10038612
10038617
10038630
10038644
10038645
10038659
10038662
10038688
10038706
10038724
10038736
10038741
10038745
10038760
10038762
10038771
10038862
10038879
10038931
10038954
10038955
10038967
10038976
10038981
10039003
10039029
10039032
10039035
10039038
10039044
10039049
10039069
10039070
10039073
10039107
10039112
10039126
10039131
10039162
10039186
10039215
10039217
10039221
10039255
10039282
10039294
10039296
10039299
10039305
10039315
10039322
10039328
10039333
10039338
10039378
10039379
10039381
10039387
10039401
10039402
10039403
10039405
10039439
10039444
10039498
10039509
10039516
10039555
10039556
10039562
10039576
10039618
10039631
10039669
10039681
10039698
10039700
10039720
10039728
10039735
10039739
10039774
10039798
10039799
10039843
10039844
10039847
10039848
10039872
10039879
10039909
10039926
10039940
10039946
10039948
10039968
10039973
10039975
10040018
10040041
10040046
10040102
10040110
10040121
10040146
10040149
10040150
10040186
10040187
10040207
10040213
10040217
10040218
10040237
10040238
10040242
10040288
10040290
10040301
10040304
10040309
10040312
10040316
10040320
10040326
10040369
10040371
10040372
10040387
10040414
10040422
10040430
10040471
10040477
10040503
10040520
10040522
10040525
10040562
10040565
10040576
10040607
10040644
10040650
10040653
10040675
10040680
10040681
10040747
10040766
10040770
10040772
10040793
10040805
10040823
10040843
10040862
10040877
10040891
10040901
10040967
10040968
10040984
10040987
10041007
10041011
10041013
10041024
10041029
10041071
10041099
10041106
10041131
10041134
10041139
10041166
10041170
10041173
10041176
10041181
10041204
10041236
10041241
10041243
10041283
10041290
10041293
10041298
10041311
10041314
10041351
10041352
10041386
10041394
10041401
10041466
10041470
10041525
10041527
10041529
10041531
10041549
10041553
10041567
10041580
10041585
10041589
10041599
10041627
10041633
10041669
10041674
10041714
10041756
10041761
10041771
10041783
10041786
10041789
10041792
10041798
10041804
10041821
10041837
10041840
10041842
10041851
10041866
10041869
10041892
10041893
10041967
10041970
10041973
10041975
10041983
10041985
10042003
10042013
10042018
10042034
10042122
10042125
10042180
10042255
10042277
10042316
10042317
10042336
10042344
10042345
10042346
10042377
10042383
10042386
10042391
10042409
10042410
10042425
10042437
10042538
10042632
10042664
10042719
10042738
10042765
10042786
10042808
10042821
10042824
10042825
10042829
10042859
10042908
10042909
10042993
10043003
10043012
10043044
10043075
10043078
10043091
10043094
10043146
10043163
10043198
10043231
10043238
10043240
10043254
10043259
10043316
10043329
10043336
10043358
10043427
10043485
10043487
10043511
10043526
10043539
10043624
10043695
10043752
10043777
10043779
10043788
10043805
10043812
10043819
10043822
10043824
10043831
10043854
10043867
10043887
10043893
10043921
10043943
10043986
10043997
10043998
10044043
10044066
10044067
10044098
10044105
10044106
10044163
10044177
10044186
10044226
10044257
10044261
10044263
10044292
10044295
10044296
10044334
10044385
10044399
10044401
10044402
10044414
10044471
10044490
10044492
10044513
10044570
10044590
10044664
10044695
10044707
10044721
10044764
10044783
10044795
10044802
10044928
10044936
10044940
10044949
10044971
10044975
10045003
10045010
10045012
10045022
10045025
10045026
10045031
10045045
10045074
10045079
10045084
10045094
10045105
10045152
10045162
10045165
10045185
10045192
10045224
10045246
10045255
10045298
10045315
10045327
10045358
10045383
10045393
10045404
10045406
10045420
10045421
10045428
10045430
10045457
10045479
10045510
10045512
10045534
10045558
10045574
10045582
10045689
10045717
10045720
10045734
10045747
10045765
10045780
10045787
10045792
10045808
10045842
10045869
10045925
10045935
10045937
10045952
10045967
10046037
10046045
10046053
10046106
10046107
10046112
10046149
10046185
10046192
10046231
10046274
10046279
10046293
10046310
10046313
10046354
10046414
10046419
10046427
10046469
10046488
10046500
10046502
10046510
10046518
10046536
10046553
10046563
10046570
10046580
10046604
10046621
10046632
10046676
10046694
10046697
10046706
10046709
10046712
10046717
10046738
10046743
10046745
10046753
10046795
10046805
10046809
10046820
10046821
10046830
10046841
10046856
10046859
10046860
10046874
10046886
10046902
10046906
10046913
10046922
10046929
10046963
10046980
10047041
10047067
10047076
10047085
10047086
10047101
10047120
10047153
10047158
10047172
10047237
10047262
10047274
10047297
10047299
10047338
10047362
10047371
10047381
10047391
10047428
10047432
10047470
10047472
10047475
10047478
10047516
10047538
10047545
10047563
10047582
10047591
10047606
10047620
10047642
10047644
10047666
10047673
10047674
10047684
10047686
10047689
10047691
10047719
10047722
10047724
10047733
10047750
10047765
10047769
10047788
10047802
10047806
10047811
10047876
10047885
10047896
10047929
10047955
10047957
10047976
10047977
10048024
10048025
10048027
10048028
10048030
10048035
10048041
10048051
10048056
10048060
10048079
10048087
10048104
10048110
10048116
10048119
10048123
10048137
10048160
10048164
10048186
10048195
10048198
10048214
10048223
10048252
10048263
10048264
10048279
10048286
10048293
10048307
10048329
10048334
10048348
10048375
10048376
10048381
10048382
10048387
10048389
10048390
10048394
10048395
10048402
10048403
10048405
10048425
10048427
10048431
10048435
10048442
10048445
10048450
10048454
10048460
10048461
10048472
10048498
10048508
10048511
10048532
10048538
10048544
10048545
10048554
10048555
10048558
10048562
10048578
10048580
10048622
10048651
10048657
10048660
10048682
10048685
10048687
10048689
10048690
10048693
10048709
10048718
10048729
10048736
10048737
10048765
10048771
10048790
10048795
10048809
10048815
10048828
10048840
10048842
10048849
10048853
10048860
10048863
10048898
10048899
10048928
10048938
10048941
10048955
10048964
10048965
10048967
10048974
10048982
10048987
10048988
10048997
10049001
10049012
10049033
10049059
10049061
10049068
10049093
10049110
10049112
10049127
10049169
10049174
10049175
10049214
10049219
10049224
10049246
10049250
10049256
10049273
10049274
10049290
10049291
10049299
10049304
10049310
10049337
10049339
10049346
10049384
10049405
10049406
10049429
10049438
10049446
10049456
10049459
10049465
10049469
10049484
10049519
10049521
10049524
10049543
10049551
10049562
10049580
10049592
10049597
10049634
10049653
10049660
10049678
10049682
10049689
10049695
10049724
10049725
10049730
10049744
10049753
10049762
10049774
10049799
10049812
10049831
10049832
10049835
10049838
10049844
10049853
10049856
10049859
10049869
10049871
10049872
10049885
10049904
10049912
10049917
10049920
10049929
10049930
10049942
10049959
10049960
10049963
10049972
10049999
10050006
10050018
10050033
10050040
10050051
10050062
10050075
10050110
10050120
10050124
10050128
10050145
10050211
10050212
10050224
10050228
10050247
10050261
10050265
10050300
10050365
10050379
10050410
10050416
10050474
10050476
10050478
10050484
10050501
10050518
10050538
10050552
10050555
10050561
10050582
10050591
10050600
10050606
10050610
10050622
10050640
10050641
10050644
10050645
10050652
10050663
10050673
10050685
10050686
10050688
10050697
10050702
10050710
10050712
10050724
10050745
10050788
10050794
10050805
10050809
10050823
10050830
10050835
10050838
10050842
10050849
10050851
10050877
10050878
10050880
10050926
10050952
10050988
10051019
10051060
10051062
10051078
10051085
10051088
10051099
10051259
10052058
10052168
10052239
10052254
10052687
10053074
10053645
10053727
10053836
10054747
10055002
10055626
10056063
10056412
10056524
10056986
10057273
10057707
10059260
10063511
10067878
10072322
10074268
10074687
10075493
10076772
10077324
10077544
10078320
10078461
10078491
10078707
10078709
10079265
10079488
10079873
10080013
10080741
10081652
10081805
10081835
10082699
10083230
10083547
10083648
10084432
10084433
10084499
10084554
10085062
10085070
10085550
10086227
10088690
10089686
10090110
10090352
10090765
10093309
10100818
10102566
10102671
10102907
10103391
10103557
10103898
10104186
10104281
10104292
10104339
10105607
10105882
10106295
10106760
10107633
10108524
10113383
10113404
10113417
10113419
10113420
10113482
10113530
10113539
10113562
10113622
10113663
10113739
10113821
10113828
10113940
10114011
10114157
10114160
10114244
10114247
10114263
10114275
10114342
10114533
10114535
10114636
10114654
10114656
10114812
10114816
10114828
10114845
10114851
10114860
10114895
10114915
10114943
10114989
10114997
10115053
10115081
10115083
10115099
10115111
10115149
10115172
10115187
10115190
10115210
10115213
10115214
10115302
10115361
10115362
10115411
10115433
10115443
10115460
10115491
10115495
10115501
10115519
10115536
10115544
10115569
10115575
10115617
10115634
10115679
10115700
10115757
10115770
10115845
10115950
10115951
10115973
10116017
10116088
10116112
10116165
10116194
10116206
10116303
10116307
10116321
10116344
10116350
10116413
10116492
10116587
10116603
10116605
10116631
10116636
10116655
10116679
10116690
10116822
10116922
10116973
10116976
10117039
10117056
10117110
10117127
10117164
10117293
10117327
10117360
10117500
10117511
10117573
10117650
10117676
10117828
10117841
10117928
10117957
10118090
10118104
10118166
10118220
10118230
10118311
10118318
10118351
10118445
10118498
10118536
10118537
10118548
10118551
10118595
10118596
10118640
10118642
10118662
10118778
10118870
10118871
10118887
10118918
10118941
10119122
10119172
10119188
10119316
10119450
10119458
10119474
10119504
10119506
10119534
10119559
10119578
10119601
10119675
10119712
10119745
10119749
10119777
10119787
10119817
10120001
10120062
10120171
10120229
10120236
10120259
10120299
10120304
10120313
10120323
10120334
10120359
10120361
10120428
10120434
10120439
10120460
10120506
10120516
10120563
10120628
10120646
10120708
10120726
10120759
10120760
10120783
10120795
10120820
10120862
10120887
10120889
10120959
10120970
10120972
10120987
10121011
10121012
10121039
10121049
10121074
10121087
10121118
10121159
10121235
10121272
10121289
10121337
10121378
10121414
10121464
10121475
10121489
10121586
10121592
10121618
10121648
10121702
10121800
10121888
10122043
10122080
10122237
10122258
10122275
10122319
10122384
10122390
10122435
10122438
10122486
10122557
10122608
10122624
10122636
10122727
10122789
10122798
10122808
10122851
10122881
10122890
10122914
10122990
10122997
10123006
10123031
10123076
10123102
10123122
10123149
10123300
10123306
10123313
10123317
10123328
10123341
10123358
10123361
10123386
10123411
10123451
10123453
10123498
10123513
10123571
10123622
10123645
10123674
10123821
10123822
10123836
10123837
10123895
10123900
10123904
10123905
10123930
10123977
10123997
10124002
10124030
10124071
10124104
10124110
10124117
10124119
10124130
10124157
10124206
10124226
10124245
10124258
10124275
10124315
10124324
10124380
10124381
10124391
10124392
10124433
10124536
10124537
10124539
10124567
10124597
10124710
10124824
10124825
10124856
10124928
10124929
10124969
10124976
10124994
10124996
10125082
10125097
10125206
10125231
10125269
10125375
10125398
10125406
10125511
10125581
10125604
10125639
10125650
10125721
10125744
10125745
10125780
10125868
10125881
10125981
10126035
10126065
10126150
10126271
10126299
10126300
10126405
10126452
10126530
10126716
10126857
10126866
10126932
10127021
10127070
10127075
10127078
10127340
10127371
10127382
10127415
10127531
10127545
10127683
10127694
10127702
10127805
10127876
10127910
10127916
10127971
10127982
10128004
10128067
10128079
10128203
10128219
10128263
10128342
10128394
10128408
10128537
10128645
10128646
10128662
10128666
10128673
10128682
10128695
10128727
10128749
10128763
10128780
10128791
10128831
10128877
10128948
10128987
10129053
10129081
10129082
10129125
10129195
10129239
10129256
10129351
10129375
10129453
10129467
10129482
10129511
10129566
10129593
10129691
10129759
10129802
10129804
10129836
10129869
10129879
10129905
10129915
10130045
10130052
10130099
10130103
10130137
10130165
10130178
10130181
10130188
10130202
10130273
10130293
10130327
10130336
10130402
10130408
10130411
10130476
10130503
10130585
10130594
10130723
10130749
10130904
10131004
10131046
10131304
10131320
10131321
10131338
10131341
10131463
10131644
10131799
10131815
10131870
10131885
10131920
10131977
10132040
10132041
10132055
10132170
10132179
10132199
10132255
10132312
10132313
10132330
10132525
10132562
10132564
10132724
10132814
10132880
10132908
10132927
10133051
10133145
10133284
10133422
10133475
10133501
10133529
10133530
10133541
10133626
10133671
10133741
10133842
10133860
10133968
10134098
10134334
10134460
10134507
10134524
10134567
10134602
10134665
10134674
10134809
10134865
10134889
10134917
10134972
10135006
10135032
10135052
10135090
10135105
10135114
10135122
10135148
10135272
10135341
10135432
10135441
10135496
10135556
10135640
10135703
10135747
10136018
10136067
10136075
10136085
10136207
10136210
10136300
10136309
10136311
10136317
10136336
10136337
10136344
10136378
10136482
10136488
10136491
10136498
10136592
10136625
10136656
10136752
10136782
10136786
10136807
10136831
10136890
10136899
10136915
10136932
10137026
10137040
10137107
10137119
10137159
10137245
10137288
10137304
10137318
10137363
10137488
10137498
10137538
10137547
10137635
10137639
10137651
10137666
10137788
10137801
10137956
10137957
10138039
10138142
10138253
10138257
10138317
10138325
10138357
10138367
10138378
10138384
10138397
10138592
10138620
10138689
10138699
10138803
10138818
10138892
10138896
10138898
10138968
10138984
10138987
10138994
10138995
10139027
10139047
10139062
10139077
10139126
10139129
10139199
10139246
10139271
10139272
10139300
10139320
10139328
10139405
10139431
10139433
10139444
10139554
10139571
10139614
10139745
10139828
10139961
10139974
10140020
10140030
10140047
10140109
10140141
10140142
10140166
10140206
10140262
10140315
10140413
10140417
10140423
10140443
10140474
10140487
10140492
10140527
10140559
10140602
10140614
10140650
10140725
10140746
10140816
10140862
10140867
10140927
10140958
10140992
10141004
10141063
10141072
10141084
10141101
10141117
10141178
10141220
10141230
10141257
10141260
10141275
10141305
10141311
10141347
10141358
10141359
10141412
10141430
10141445
10141504
10141505
10141517
10141556
10141563
10141600
10141616
10141634
10141638
10141666
10141669
10141680
10141692
10141701
10141705
10141728
10141730
10141759
10141769
10141843
10141887
10141898
10141901
10141944
10141947
10141949
10141960
10142003
10142033
10142061
10142076
10142078
10142080
10142081
10142085
10142087
10142093
10142116
10142117
10142126
10142149
10142196
10142201
10142229
10142236
10142237
10142242
10142260
10142265
10142266
10142313
10142367
10142373
10142395
10142406
10142411
10142450
10142456
10142515
10142516
10142524
10142570
10142571
10142697
10142719
10142732
10142733
10142769
10142770
10142771
10142830
10142835
10142836
10142845
10142846
10142853
10142862
10142871
10142897
10142899
10142916
10142920
10142921
10142955
10142958
10142960
10143008
10143010
10143042
10143052
10143053
10143066
10143081
10143100
10143168
10143181
10143199
10143209
10143275
10143279
10143288
10143303
10143328
10143335
10143462
10143530
10143706
10143827
10143886
10143889
10143898
10143959
10143963
10144078
10144202
10144258
10144405
10144450
10144466
10144520
10144536
10144561
10144603
10144663
10144703
10144735
10144747
10144769
10144880
10144906
10144909
10144918
10144951
10145119
10145136
10145157
10145268
10145280
10145319
10145377
10145395
10145443
10145485
10145516
10145624
10145650
10145758
10145930
10145983
10145998
10146103
10146201
10146244
10146445
10146682
10146683
10146703
10146869
10146880
10146892
10146902
10146928
10146930
10146933
10146965
10146971
10146974
10147140
10147180
10147187
10147196
10147223
10147275
10147279
10147280
10147289
10147349
10147357
10147406
10147416
10147422
10147458
10147583
10147714
10147715
10147761
10147813
10147841
10147965
10148106
10148110
10148115
10148149
10148216
10148219
10148306
10148311
10148315
10148318
10148347
10148421
10148442
10148450
10148605
10148650
10148716
10148735
10148753
10148754
10148792
10148814
10148846
10148869
10148902
10148927
10148937
10149002
10149084
10149128
10149159
10149163
10149178
10149199
10149210
10149225
10149346
10149347
10149358
10149378
10149386
10149409
10149435
10149471
10149480
10149553
10149579
10149605
10149647
10149716
10149730
10149735
10149757
10149766
10149786
10149871
10149887
10149928
10149952
10149971
10150039
10150067
10150103
10150109
10150168
10150176
10150206
10150217
10150290
10150367
10150406
10150618
10150704
10150860
10151050
10151060
10151172
10151229
10151249
10151277
10151293
10151566
10151789
10151941
10152045
10152056
10152057
10152102
10152104
10152106
10152135
10152139
10152144
10152196
10152210
10152227
10152233
10152247
10152279
10152285
10152293
10152300
10152302
10152327
10152375
10152378
10152451
10152488
10152555
10152584
10152597
10152612
10152628
10152633
10152637
10152653
10152679
10152725
10152785
10152878
10152884
10152893
10152905
10152941
10152942
10152963
10152974
10152992
10153071
10153152
10153161
10153163
10153169
10153239
10153262
10153273
10153282
10153283
10153293
10153299
10153308
10153338
10153344
10153375
10153434
10153508
10153591
10153767
10153822
10153872
10153932
10153951
10154000
10154051
10154098
10154190
10154224
10154233
10154264
10154283
10154303
10154343
10154348
10154364
10154375
10154505
10154707
10154739
10154781
10154879
10154882
10154887
10155077
10155120
10155225
10155357
10155358
10155380
10155392
10155410
10155470
10155547
10155607
10155619
10155637
10155809
10155824
10155836
10155930
10155951
10155978
10156079
10156093
10156213
10156376
10156382
10156495
10156833
10156850
10156867
10156883
10157025
10157341
10157421
10157424
10157431
10157472
10157583
10157601
10157918
10158011
10158063
10158129
10158166
10158195
10158199
10158301
10158469
10158483
10158494
10158495
10158501
10158504
10158507
10158508
10158518
10158597
10158644
10158646
10158651
10158662
10158757
10158877
10158916
10158922
10158928
10159026
10159030
10159115
10159172
10159273
10159343
10159454
10159479
10159496
10159527
10159667
10159767
10159879
10159890
10159905
10159929
10159944
10159956
10160101
10160209
10160298
10160377
10160378
10160394
10160403
10160442
10160461
10160489
10160552
10160610
10160675
10160696
10160703
10160716
10160731
10160737
10160738
10160848
10160858
10160974
10161191
10161257
10161283
10161294
10161296
10161349
10161450
10161480
10161515
10161595
10161599
10161602
10161655
10161711
10161755
10161883
10162006
10162065
10162096
10162097
10162137
10162218
10162292
10162318
10162335
10162435
10162462
10162529
10162589
10162657
10162658
10162709
10162740
10162858
10162950
10163069
10163161
10163170
10163174
10163214
10163231
10163306
10163311
10163324
10163338
10163354
10163367
10163383
10163429
10163430
10163526
10163534
10163549
10163705
10163773
10163781
10163845
10163867
10163948
10163949
10163952
10164051
10164143
10164190
10164208
10164218
10164260
10164261
10164294
10164336
10164366
10164376
10164390
10164399
10164447
10164453
10164478
10164544
10164565
10164583
10164587
10164630
10164647
10164656
10164677
10164820
10164872
10164912
10164939
10164972
10165009
10165012
10165017
10165053
10165070
10165110
10165134
10165144
10165147
10165168
10165178
10165255
10165268
10165275
10165293
10165338
10165339
10165369
10165446
10165463
10165498
10165507
10165553
10165591
10165671
10165733
10165760
10165802
10165815
10165820
10165873
10165912
10165947
10165962
10166011
10166038
10166066
10166071
10166077
10166128
10166184
10166232
10166293
10166312
10166318
10166322
10166332
10166336
10166383
10166386
10166441
10166448
10166465
10166485
10166500
10166501
10166515
10166538
10166579
10166682
10166733
10166740
10166750
10166768
10166777
10166796
10166801
10166883
10166888
10166890
10166896
10166912
10166913
10166959
10166987
10167064
10167230
10167264
10167285
10167361
10167374
10167401
10167424
10167466
10167495
10167496
10167502
10167540
10167575
10167639
10167641
10167646
10167678
10167738
10167867
10167941
10167949
10167962
10167979
10167980
10168003
10168087
10168100
10168128
10168247
10168259
10168358
10168393
10168417
10168442
10168513
10168581
10168642
10168688
10168692
10168712
10168718
10168744
10168777
10168802
10168875
10168881
10168950
10168966
10168984
10169004
10169071
10169078
10169113
10169122
10169167
10169239
10169249
10169267
10169268
10169310
10169318
10169324
10169326
10169328
10169350
10169359
10169426
10169462
10169516
10169540
10169546
10169710
10169754
10169771
10169784
10169944
10169946
10170032
10170035
10170053
10170071
10170092
10170136
10170197
10170219
10170262
10170272
10170313
10170357
10170361
10170383
10170389
10170402
10170539
10170598
10170654
10170669
10170690
10170746
10170782
10170812
10170817
10170937
10171077
10171112
10171130
10171144
10171197
10171254
10171261
10171262
10171266
10171330
10171372
10171379
10171422
10171427
10171704
10171824
10171827
10171833
10171836
10171919
10171948
10172066
10172139
10172172
10172199
10172210
10172407
10172418
10172421
10172429
10172557
10172561
10172591
10172651
10172666
10172788
10172813
10172828
10172879
10173091
10173222
10173253
10173257
10173327
10173407
10173417
10173444
10173592
10173603
10173609
10173624
10173653
10173683
10173686
10173843
10173911
10174105
10174110
10174222
10174292
10174471
10174482
10174504
10174606
10174664
10174665
10174714
10174729
10174850
10174853
10174857
10174898
10174905
10174942
10174991
10175098
10175299
10175346
10175442
10175447
10175495
10175521
10175556
10175579
10175582
10175593
10175602
10175603
10175694
10175766
10175782
10175836
10175989
10176007
10176050
10176052
10176090
10176147
10176176
10176202
10176216
10176220
10176285
10176288
10176297
10176320
10176324
10176567
10176609
10176641
10176742
10176743
10176882
10176901
10176994
10177026
10177044
10177065
10177114
10177138
10177156
10177157
10177167
10177259
10177319
10177331
10177356
10177357
10177373
10177428
10177434
10177452
10177473
10177496
10177533
10177548
10177588
10177630
10177636
10177653
10177673
10177701
10177730
10177737
10177738
10177740
10177763
10177773
10177784
10177815
10177870
10177891
10177995
10178026
10178050
10178072
10178082
10178091
10178093
10178097
10178290
10178345
10178386
10178393
10178482
10178518
10178522
10178614
10178636
10178639
10178744
10178745
10178754
10178814
10178862
10178904
10178909
10178999
10179006
10179008
10179024
10179036
10179078
10179111
10179131
10179139
10179166
10179231
10179241
10179255
10179280
10179334
10179511
10179540
10179631
10179760
10179883
10179901
10179936
10179957
10180000
10180019
10180059
10180064
10180075
10180084
10180131
10180139
10180146
10180154
10180178
10180202
10180243
10180302
10180309
10180328
10180377
10180395
10180437
10180465
10180489
10180505
10180531
10180561
10180576
10180589
10180655
10180676
10180737
10180777
10180791
10180832
10180894
10180912
10180978
10180982
10181005
10181024
10181036
10181062
10181072
10181078
10181091
10181158
10181202
10181265
10181280
10181289
10181307
10181384
10181520
10181527
10181603
10181642
10181697
10181750
10181804
10181861
10181925
10181928
10182001
10182010
10182024
10182038
10182064
10182162
10182166
10182191
10182194
10182200
10182222
10182227
10182230
10182275
10182375
10182397
10182518
10182519
10182575
10182624
10182670
10182700
10182768
10182819
10182822
10182824
10182830
10182877
10182912
10183004
10183022
10183119
10183152
10183184
10183226
10183243
10183245
10183404
10183426
10183488
10183506
10183521
10183546
10183578
10183637
10183685
10183726
10183728
10183749
10183838
10183846
10183915
10183937
10184393
10184405
10184416
10184421
10184433
10184467
10184663
10184712
10184839
10184868
10185108
10185157
10185218
10185278
10185372
10185403
10185409
10185903
10186043
10186416
10186444
10186640
10186769
10187191
10188068
10188203
10188277
10188384
10188412
10188456
10188467
10188483
10188535
10188587
10188636
10188644
10188668
10188761
10188816
10188852
10188853
10188855
10188875
10188929
10188955
10188964
10188999
10189013
10189044
10189061
10189126
10189170
10189206
10189210
10189251
10189325
10189653
10189703
10189717
10189794
10189878
10190294
10190336
10190352
10190420
10190547
10190563
10190581
10190599
10190687
10190690
10190859
10190883
10190903
10190965
10190986
10191019
10191064
10191065
10191092
10191112
10191128
10191252
10191302
10191313
10191414
10191465
10191500
10191503
10191584
10191632
10191634
10191641
10191746
10191751
10191852
10191882
10191891
10191901
10191909
10191932
10191970
10191990
10192214
10192421
10192507
10192526
10192727
10192776
10192794
10192797
10192813
10192840
10192951
10193056
10193063
10193071
10193076
10193086
10193124
10193133
10193144
10193150
10193187
10193245
10193261
10193328
10193333
10193400
10193446
10193483
10193507
10193557
10193560
10193561
10193644
10193709
10193812
10193865
10193872
10193875
10193882
10193910
10193913
10193936
10193966
10194012
10194061
10194067
10194159
10194196
10194250
10194259
10194315
10194327
10194399
10194508
10194516
10194543
10194565
10194598
10194607
10194728
10194734
10194763
10194771
10194778
10194863
10194997
10195000
10195004
10195057
10195232
10195256
10195313
10195333
10195423
10195426
10195428
10195430
10195438
10195457
10195467
10195468
10195477
10195483
10195489
10195505
10195618
10195620
10195626
10195699
10195703
10195930
10195982
10196052
10196075
10196109
10196112
10196150
10196173
10196206
10196250
10196297
10196325
10196509
10196564
10196812
10196880
10196888
10196901
10197079
10197098
10197127
10197161
10197188
10197413
10197438
10197659
10197681
10197707
10197722
10197760
10197863
10197899
10197980
10198112
10198142
10198206
10198213
10198215
10198316
10198337
10198365
10198402
10198422
10198490
10198578
10198588
10198686
10198687
10198870
10198877
10198966
10199251
10199301
10199330
10199337
10199383
10199400
10199437
10199444
10199645
10199679
10199702
10199715
10199790
10199834
10199862
10199868
10199904
10199910
10199955
10199960
10200016
10200059
10200084
10200301
10200499
10200568
10200571
10200574
10200636
10200657
10200711
10200822
10200973
10200986
10200997
10201079
10201082
10201093
10201133
10201172
10201208
10201217
10201268
10201672
10201676
10201693
10201832
10202076
10202356
10202471
10202548
10202566
10202631
10202801
10202805
10202842
10202891
10202942
10203070
10203130
10203135
10203151
10203248
10203436
10203517
10203591
10203721
10203776
10203843
10203877
10203895
10203911
10204005
10204014
10204140
10204483
10204484
10204548
10204603
10204652
10204697
10204704
10204741
10204839
10204907
10204969
10204982
10204998
10205232
10205248
10205253
10205785
10205831
10206060
10206064
10206248
10206371
10206430
10206453
10206473
10206521
10206604
10206709
10206772
10206801
10206813
10206823
10206913
10206921
10206954
10207334
10207427
10207461
10207463
10207495
10207577
10207605
10207665
10207808
10207821
10207838
10208296
10208316
10208454
10208815
10208857
10209211
10209819
10210111
10210119
10210120
10210208
10210613
10210711
10210726
10210732
10211015
10211916
10216008
10216014
10217010
10219308
10221211
10223511
10226009
10227210
10227611
10230408
10231508
10233814
10237231
10237237
10237308
10237810
10238908
10239409
10243308
10245009
10245308
10249108
10254123
10254408
10254608
10255209
10255308
10256111
10261210
10262011
10263908
10265509
10266108
10267308
10267608
10267823
10273019
10273118
10273508
10274511
10277414
10278218
10278608
10281108
10282309
10283108
10284509
10284523
10285609
10286536
10286809
10289108
10290614
10295608
10298114
10301608
10303609
10303610
10303708
10304210
10306308
10309009
10309409
10309920
10310029
10310112
10310209
10310809
10310821
10311118
10314401
10314566
10314568
10316712
10317909
10320813
10321409
10321508
10322408
10323418
10324332
10325716
10327015
10327020
10327209
10327708
10328119
10328913
10337014
10339310
10340508
10341109
10347808
10348908
10352910
10354908
10356808
10357108
10359308
10359408
10360809
10362709
10370709
10374508
10381512
10382308
10385308
10389308
10389909
10392608
10393208
10400349
10408009
10408917
10410436
10411161
10411452
10412243
10412468
10412513
10413908
10415410
10423508
10425308
10431608
10440109
10443627
10444508
10451508
10453608
10464108
10472908
10481714
10485459
10485460
10485972
10486209
10487436
10501808
10505845
10513308
10523508
10534408
10535908
10536408
10537408
10537915
10541309
10551712
10551713
10554808
10555228
10556708
10571108
10571912
10573308
10573725
10574211
10575508
10581351
10581365
10581372
10581379
10582608
10586008
10586908
10590608
10590709
10590719
10590722
10602308
10603214
10603808
10603908
10604113
10604511
10604720
10604915
10604932
10605014
10605020
10606423
10606563
10607022
10608378
10612920
10613674
10615920
10618520
10620559
10620663
10624822
10624846
10624891
10624903
10627820
10628820
10628920
10633521
10633634
10633664
10633699
10634272
10634289
10635120
10635559
10635622
10635720
10639720
10639820
10641024
10641533
10641726
10641932
10641934
10642035
10642120
10642878
10643274
10643464
10643474
10643537
10643689
10645696
10645862
10647434
10647459
10647472
10647495
10647583
10647584
10647590
10647690
10647695
10647812
10647826
10647827
10647833
10647861
10647916
10650095
10650778
10653078
10653087
10653398
10653479
10653588
10653803
10654790
10655078
10655094
10655611
10655629
10655652
10655656
10655811
10655821
10656041
10656284
10656289
10656291
10656509
10656513
10656517
10656579
10656612
10656630
10656643
10656741
10656742
10656765
10656781
10656807
10656936
10656978
10657080
10657091
10657283
10657379
10657896
10657998
10658008
10658089
10658682
10658697
10658880
10659378
10659671
10660984
10661483
10661587
10661792
10661882
10664039
10664178
10665105
10667415
10667479
10667480
10667782
10669355
10669582
10669909
10669922
10670385
10670800
10670824
10671094
10671289
10671308
10671317
10671325
10671338
10671417
10671459
10671480
10671882
10671884
10671902
10671905
10671906
10671911
10671930
10671932
10671992
10671998
10672008
10672011
10672012
10672015
10672032
10672038
10672039
10672066
10672067
10672078
10672087
10672096
10672101
10672136
10672137
10672153
10672158
10672181
10672183
10672202
10672384
10672481
10672879
10672987
10673192
10673209
10673592
10674081
10674278
10674482
10675081
10675094
10676019
10676478
10677399
10677797
10677830
10678879
10678886
10680178
10681018
10681073
10681322
10682090
10682136
10682284
10682479
10682780
10682881
10682883
10682941
10682997
10683026
10683137
10683380
10684018
10684208
10684217
10684419
10685082
10685427
10685703
10685879
10686000
10686001
10686014
10686790
10687496
10687606
10687617
10687982
10689034
10689122
10689159
10690483
10690487
10690797
10691078
10691288
10691459
10691779
10691831
10691903
10691908
10692114
10692497
10692909
10693090
10693099
10693380
10694099
10694684
10694800
10694891
10695193
10695194
10695500
10695911
10695951
10695961
10695970
10697906
10698086
10698191
10698193
10698478
10698725
10699791
10700140
10700384
10701578
10701581
10701681
10701779
10702585
10702591
10702609
10703188
10703879
10704080
10705078
10705680
10708079
10709398
10709411
10709558
10709623
10709648
10709679
10709987
10710122
10710263
10710387
10711001
10711082
10711584
10711681
10715881
10717681
10732881
10759883
10778083
10778084
10778189
10791552
10791626
10792917
10796386
10800485
10800988
10801038
10811789
10826065
10829889
10832401
10833485
10838888
10841063
10842064
10854469
10854872
10855957
10862959
10864312
10865012
10874546
10875670
10897455
10906445
10906670
10912497
10924256
10924992
10930495
10935172
10940151
10942023
10954730
10963371
10963821
10963840
10963842
10963953
10963962
10963983
10964012
10964071
10964281
10964287
10964509
10964674
10964707
10964725
10964737
10964826
10964852
10964872
10964893
10964945
10965068
10965118
10965202
10965208
10965284
10965386
10965410
10965559
10965567
10965670
10965820
10965941
10966000
10966017
10966061
10966065
10966071
10966074
10966092
10966121
10966124
10966186
10966192
10966222
10966264
10966292
10966303
10966304
10966312
10966322
10966429
10966439
10966465
10966498
10966709
10966740
10966791
10966811
10966823
10966857
10966957
10966989
10967113
10967230
10967410
10967417
10967605
10967786
10967868
10967876
10967923
10968215
10968459
10968568
10968571
10968572
10968575
10968576
10968591
10968646
10968665
10968666
10968668
10968750
10968900
10968924
10970047
10970202
10970296
10970299
10970636
10970709
10970752
10970808
10970936
10970937
10971001
10971045
10971149
10971531
10971672
10971707
10971880
10971936
10971941
10971998
10972010
10972087
10972089
10972106
10972122
10972142
10972180
10972195
10972296
10972364
10972550
10972754
10972915
10972995
10973000
10973034
10973036
10973074
10973126
10973862
10974172
10975141
10975225
10975235
10975318
10975391
10975572
10975619
10975658
10975689
10975733
10975781
10975788
10975821
10975837
10975870
10976050
10976080
10976276
10976286
10976384
10976424
10976441
10976475
10976496
10976598
10976638
10976701
10976789
10976836
10976845
10976883
10976921
10976985
10977004
10977031
10977056
10977066
10977071
10977081
10977133
10977401
10977439
10977574
10977777
10977785
10978154
10978209
10978240
10978288
10978291
10978292
10986916
11003034
11003053
11003072
11003133
11003170
11003539
11003545
11003591
11003718
11003796
11003862
11003864
11003923
11004266
11004479
11004594
11004680
11004752
11004762
11004765
11004825
11004835
11004864
11005436
11005463
11005493
11019254
11021263
11033956
11034048
11034185
11034512
11034555
11034557
11034559
11034742
11034821
11035131
11045977
11053723
11068083
11069580
11070765
11076556
11076690
11077497
11080079
11080500
11081299
11081428
11081461
11082073
11082306
11082363
11082746
11083500
11083691
11083702
11084087
11084919
11085018
11085063
11085153
11085198
11086328
11086513
11086977
11087063
11087330
11087577
11087745
11087762
11087832
11087881
11088047
11088054
11088211
11088507
11088543
11088796
11088899
11089149
11089299
11089535
11089543
11089629
11089711
11090100
11090712
11090971
11090992
11091047
11091057
11091322
11091329
11091496
11091518
11091526
11091667
11091717
11092033
11092116
11092232
11092712
11092743
11092831
11092836
11092859
11092978
11092993
11092996
11093101
11093202
11093877
11094074
11094629
11094881
11095111
11095176
11095292
11095546
11095550
11095883
11095941
11096003
11097291
11097353
11097662
11098064
11098658
11099681
11099807
11100032
11100461
11100671
11101352
11101365
11101454
11101747
11102103
11102209
11102261
11102572
11103600
11103794
11103987
11104214
11104233
11104509
11104715
11105258
11105372
11105500
11105636
11106528
11106574
11106584
11106604
11106811
11106828
11107094
11107981
11108436
11108459
11108835
11108852
11108883
11109041
11109073
11109223
11109352
11109413
11109455
11109849
11109995
11110198
11110428
11110828
11110864
11110972
11111796
11111945
11112097
11112243
11112348
11112641
11112828
11113236
11113266
11113354
11114360
11117726
11118136
11118324
11118388
11118401
11120784
11121257
11121576
11122609
11122877
11124105
11124509
11124851
11128114
11128720
11129038
11129424
11129834
11130237
11130253
11130469
11130601
11130872
11131703
11131908
11132185
11132187
11132502
11132676
11134709
11134894
11134931
11135684
11135942
11136923
11137041
11139221
11139569
11140861
11140874
11142164
11143238
11144640
11144762
11144784
11146919
11147149
11152145
11152681
11153355
11153756
11153810
11153851
11154131
11154303
11154393
11155016
11157368
11157374
11157408
11157666
11158254
11158793
11161493
11162140
11164288
11164363
11164938
11166371
11166372
11166767
11167033
11168373
11168472
11168602
11169059
11169286
11169342
11169630
11170365
11170444
11170878
11171553
11171781
11171980
11172240
11173422
11173836
11173968
11174004
11174270
11174370
11174553
11174605
11174606
11174785
11175078
11175176
11175371
11175596
11175759
11175762
11176260
11176354
11176396
11177032
11177052
11177063
11177461
11177670
11177827
11178479
11178992
11179259
11179261
11179362
11179650
11179681
11180051
11180217
11180601
11180790
11181137
11181617
11181634
11181695
11182181
11182489
11182779
11182897
11183472
11184197
11185241
11185860
11186192
11186910
11187301
11187316
11187733
11188593
11188620
11189007
11193289
11193324
11194182
11195075
11196163
11196187
11196237
11196255
11196339
11196703
11196798
11196817
11197188
11197245
11197347
11197351
11197420
11197422
11197694
11197720
11198284
11198309
11198848
11199039
11199262
11199515
11199738
11200240
11200244
11200342
11200506
11200712
11200737
11200738
11201161
11202219
11202262
11202314
11202323
11202525
11202861
11203108
11203209
11203504
11204042
11208887
11209282
11209689
11209690
11212166
11213537
11213796
11213911
11214635
11215013
11215967
11215970
11216359
11217224
11217251
11218057
11218359
11219022
11219672
11219870
11219875
11219876
11219962
11222843
11222860
11223691
11225041
11225540
11225578
11225975
11226909
11227138
11227523
11230733
11230808
11230876
11231235
11231975
11233294
11235977
11238583
11240424
11241826
11243221
11247315
11249345
11249569
11249730
11249756
11250963
11251689
11251822
11252948
11255114
11256645
11259441
11262444
11264641
11264938
11271497
11272737
11272932
11274455
11274650
11278013
11281844
11282055
11282554
11282669
11283043
11283097
11283405
11283414
11283512
11283899
11285079
11286367
11286620
11287330
11287380
11288102
11288390
11288414
11289043
11289056
11289068
11291201
11291831
11292858
11294949
11294953
11294985
11295366
11296530
11296671
11297232
11297372
11297381
11297630
11297849
11297851
11297876
11298794
11299833
11300013
11300141
11300557
11301745
11301927
11301998
11303023
11303730
11304025
11304230
11304489
11304504
11304784
11305008
11305101
11305102
11305174
11305235
11305273
11305546
11305689
11306030
11306163
11306193
11306233
11306370
11307296
11307394
11307447
11307485
11307761
11308830
11308833
11309090
11309147
11309447
11309488
11310596
11310628
11310681
11310817
11310899
11311152
11312939
11312953
11313045
11313159
11313879
11313890
11313953
11313996
11314015
11314138
11314705
11315665
11315856
11315932
11316006
11316431
11316730
11317367
11317554
11317573
11317627
11317683
11318009
11318871
11319562
11319720
11320361
11320473
11320494
11320654
11320811
11320861
11320884
11321184
11321219
11321228
11321283
11321307
11321314
11321318
11321345
11321364
11321372
11321391
11321408
11321540
11321544
11321567
11321753
11321762
11321776
11321889
11321919
11321983
11321984
11322074
11322081
11322589
11322722
11322771
11322780
11322858
11322870
11322885
11322944
11323023
11323056
11323101
11323104
11323202
11323244
11323329
11323345
11323567
11323595
11323656
11323975
11324054
11324073
11324076
11324735
11324747
11324980
11325003
11325032
11325134
11325193
11325310
11325337
11325480
11325662
11325733
11325789
11325879
11325897
11325902
11326131
11326255
11326325
11326370
11326600
11326627
11326633
11326794
11326828
11326850
11327203
11327219
11327332
11327467
11327616
11327758
11327808
11328028
11328030
11328727
11329388
11329684
11329934
11331923
11332123
11332127
11332363
11333318
11334965
11334970
11335529
11336462
11336683
11338943
11339602
11341096
11341163
11342209
11342551
11342656
11342914
11343037
11343129
11343230
11343394
11343464
11343529
11343637
11343731
11343916
11343961
11344708
11344725
11345218
11345449
11345650
11345652
11345871
11346037
11346546
11346797
11347080
11347372
11347555
11348354
11348412
11348797
11349640
11350288
11350329
11350433
11351215
11351254
11352035
11353066
11353441
11353531
11353796
11353979
11354017
11354028
11354042
11354049
11354357
11354376
11354390
11354649
11354909
11354910
11354977
11355204
11355529
11355533
11355702
11355923
11356622
11357173
11357304
11360011
11360111
11362122
11362275
11362412
11363294
11363434
11363731
11364265
11364841
11365082
11365591
11365606
11367918
11367989
11368402
11368763
11369003
11369682
11369797
11369801
11369936
11372198
11373726
11374333
11374898
11375086
11375476
11376599
11377283
11378887
11378973
11381734
11381873
11381934
11383095
11383144
11383384
11383429
11383473
11384097
11384195
11384446
11385533
11385590
11385620
11385954
11386084
11386110
11386121
11386219
11386514
11386550
11386694
11386972
11387204
11387303
11387501
11387612
11388234
11388437
11388711
11388833
11389233
11390907
11392030
11392265
11392666
11392982
11392989
11392991
11393248
11393260
11393282
11393324
11393375
11393499
11393573
11393662
11393682
11393781
11394309
11394555
11394579
11394649
11394687
11394798
11394936
11394968
11395513
11395552
11395871
11398950
11398963
11399507
11399534
11399720
11401865
11402314
11403199
11404188
11405188
11405821
11406035
11407092
11407153
11407219
11407453
11407701
11408233
11408711
11409438
11409998
11410159
11410518
11410566
11412966
11413054
11414731
11414928
11416389
11417056
11418510
11419421
11419580
11419660
11419725
11420790
11421119
11422169
11423204
11423206
11423230
11423246
11423249
11425421
11426537
11426558
11426910
11427993
11428256
11428481
11428801
11428814
11429991
11431144
11433626
11435002
11435252
11435332
11435480
11436678
11436897
11437117
11437826
11438073
11438817
11438879
11438880
11438882
11438921
11439433
11439451
11439496
11439740
11440463
11441016
11441085
11441108
11441173
11441339
11441360
11442755
11443505
11443986
11444263
11445212
11445322
11446105
11446106
11447126
11447712
11448204
11448391
11448452
11448840
11448964
11450301
11451305
11451480
11452047
11452082
11452092
11452116
11452202
11452348
11452667
11452783
11453381
11453671
11454903
11454964
11454975
11455046
11455169
11455189
11456037
11456462
11458122
11458172
11458713
11458729
11458936
11459626
11460586
11461443
11462003
11462708
11463097
11463511
11464561
11465192
11465449
11465600
11465811
11465839
11466025
11466063
11466120
11466220
11466719
11466979
11467063
11467115
11467655
11468157
11468975
11469016
11469301
11469740
11469801
11470644
11470648
11470929
11471264
11474206
11476172
11476350
11478337
11478346
11478457
11479223
11479496
11479886
11480182
11480275
11480558
11480668
11480672
11481041
11481373
11483633
11486246
11486749
11486877
11488023
11491109
11491363
11491383
11492833
11493655
11494672
11494751
11494770
11494771
11494944
11495128
11496208
11496501
11496972
11498030
11498567
11499514
11500472
11501330
11501493
11501764
11502095
11502323
11502333
11503346
11505088
11505353
11505594
11506109
11506199
11506488
11506615
11506923
11507033
11507194
11507379
11508799
11509745
11509947
11510360
11510459
11511110
11511634
11511914
11512113
11514405
11517197
11517234
11518811
11519643
11520477
11520509
11520510
11521929
11521966
11522001
11522102
11522153
11522920
11522982
11523299
11523410
11523457
11523487
11524032
11524245
11524447
11525212
11525571
11525906
11526910
11527082
11528735
11529835
11529911
11529955
11530253
11531838
11533360
11533420
11533833
11533851
11536277
11536987
11538942
11538957
11541211
11542139
11542149
11542420
11542881
11543099
11543261
11543831
11544831
11545782
11545820
11546133
11546167
11546336
11546701
11547088
11547518
11547821
11548267
11548721
11549064
11552110
11554531
11555039
11555474
11555665
11557138
11558309
11558796
11559217
11560166
11562315
11563563
11563670
11564435
11565363
11565651
11565960
11566007
11566734
11567236
11567633
11567673
11569103
11569368
11569506
11569508
11569658
11570589
11570680
11571263
11571626
11571817
11573680
11573858
11573938
11575171
11575342
11577560
11577702
11577858
11577918
11577962
11578645
11579023
11579827
11580132
11580633
11580872
11581388
11582437
11582884
11583956
11584684
11584783
11585024
11585674
11586262
11586280
11586282
11586571
11586627
11587102
11588030
11588041
11588059
11588539
11588619
11588899
11588944
11589060
11589190
11589838
11589847
11590671
11591234
11591776
11591802
11591968
11591971
11592236
11592267
11592598
11592653
11593144
11593190
11593209
11593336
11593497
11593603
11594519
11594603
11596415
11596645
11596744
11596974
11597044
11597393
11598180
11598181
11599823
11599990
11600186
11600190
11600491
11600546
11600663
11600674
11601622
11602502
11602905
11603308
11603812
11605881
11606060
11606317
11606674
11606727
11606809
11608667
11608763
11609050
11609065
11609506
11610058
11610105
11610659
11611081
11611558
11611614
11611615
11611659
11612027
11613612
11613819
11614172
11614988
11615023
11617688
11618939
11618969
11620683
11620820
11621392
11621707
11621905
11622077
11622109
11622591
11622721
11623178
11623199
11623296
11623302
11624283
11624321
11625053
11625128
11625274
11625299
11625336
11625918
11626055
11626347
11626740
11626902
11626933
11627878
11628829
11632826
11632882
11633098
11633191
11633343
11633418
11633540
11633960
11634291
11634329
11635542
11635551
11636399
11638286
11639033
11640594
11642804
11642902
11642910
11642999
11643357
11644850
11645046
11645687
11645719
11646240
11646482
11647056
11647083
11647088
11647111
11647343
11647589
11647697
11647925
11649285
11650739
11651491
11651595
11652261
11653182
11654363
11654684
11654786
11655039
11655288
11655293
11655564
11655657
11655736
11655950
11656028
11656171
11656245
11657360
11657372
11659816
11659833
11660238
11660336
11660640
11660745
11660876
11661677
11661679
11661687
11662010
11662260
11662450
11662646
11662677
11662679
11662781
11662815
11663449
11663775
11664262
11664424
11664531
11664716
11666661
11666871
11667184
11667913
11668275
11668756
11669193
11670006
11670410
11670605
11670975
11670992
11671452
11671700
11671881
11672516
11672528
11672633
11673417
11673822
11676077
11680090
11680183
11680244
11680646
11680815
11681183
11683394
11686149
11686655
11686814
11687769
11689268
11693853
11696211
11696295
11696450
11696615
11697061
11697107
11697440
11698642
11699006
11699647
11699671
11699759
11700230
11700654
11701012
11701839
11702431
11703097
11703224
11703342
11705175
11705269
11706712
11706863
11707425
11707684
11707763
11708207
11708742
11709363
11709604
11709831
11710122
11710463
11710905
11711276
11711968
11712391
11712789
11712865
11713374
11713545
11714051
11714524
11714801
11715888
11715975
11716044
11716777
11716783
11716839
11717304
11717765
11717782
11719203
11719450
11719827
11721643
11723285
11723286
11723290
11723348
11723360
11724263
11724458
11724652
11726909
11727154
11727993
11728683
11728692
11729372
11729658
11729811
11729878
11729943
11729960
11730681
11730693
11730807
11730898
11730979
11731025
11731258
11731289
11731482
11731944
11732045
11732291
11732303
11732659
11732917
11733123
11733151
11733367
11734944
11735344
11735502
11735525
11735677
11735954
11736578
11736592
11736997
11737372
11737913
11738187
11738738
11738750
11738986
11739470
11739622
11739784
11740244
11740471
11740998
11742590
11743687
11744627
11745042
11745272
11745461
11745880
11746492
11747814
11747874
11748034
11748446
11748751
11749022
11749440
11750609
11753816
11754145
11755383
11755525
11756973
11758440
11758710
11759350
11759917
11760953
11761862
11762871
11763178
11764920
11765555
11765719
11765811
11766483
11767394
11767618
11768196
11769522
11772415
11773287
11773741
11773841
11774567
11776163
11776434
11777298
11777367
11777575
11778219
11778780
11780146
11780229
11781358
11781804
11782969
11783089
11783871
11783949
11784195
11784898
11785016
11785245
11786332
11786571
11786730
11786967
11787410
11787412
11787756
11787969
11788131
11788924
11789063
11789532
11789629
11789640
11790296
11790382
11790406
11790723
11796122
11797763
11798306
11798331
11798582
11799059
11800703
11800788
11801645
11803191
11804491
11805240
11805581
11806561
11806916
11808493
11809443
11810267
11810390
11810467
11810953
11812107
11816392
11817272
11818820
11818855
11819435
11820033
11820501
11820685
11820879
11821103
11821104
11822899
11822942
11822946
11827874
11828043
11828404
11828477
11828624
11828807
11829270
11829474
11829650
11830073
11830762
11831338
11831587
11832077
11832453
11832834
11832888
11833129
11833436
11834086
11834087
11834968
11836007
11836881
11837280
11837328
11837956
11838163
11838752
11839044
11839648
11839915
11840409
11840915
11841012
11841647
11841798
11841823
11842092
11842248
11844408
11844467
11844909
11845257
11845294
11846675
11847174
11847617
11848109
11848168
11848425
11848993
11849037
11849579
11850644
11851456
11852592
11853228
11853591
11853744
11854275
11854892
11855796
11856152
11856451
11857350
11857371
11857394
11857580
11857798
11858137
11858212
11858759
11859471
11859618
11859690
11859855
11860167
11860349
11860540
11860833
11860994
11861186
11861284
11862053
11862114
11862402
11862477
11862586
11862595
11862723
11863007
11863113
11863183
11863195
11863201
11863203
11863204
11863440
11863627
11864897
11865148
11865306
11866063
11867166
11867263
11868158
11870769
11870916
11871491
11871606
11871760
11871815
11872265
11872418
11872441
11873618
11874605
11874941
11875007
11875463
11875486
11875647
11876374
11876969
11877088
11878865
11878869
11881928
11882044
11883010
11883049
11885437
11886119
11886136
11886176
11886391
11886887
11887114
11887970
11888185
11888204
11889173
11889836
11889937
11890063
11890388
11890713
11891456
11892221
11892768
11893367
11893391
11894676
11895078
11895204
11895248
11895458
11895923
11897587
11898892
11899364
11900411
11900463
11901086
11901693
11901896
11902464
11903042
11903304
11903720
11904255
11904934
11905060
11905603
11906219
11907659
11908079
11908417
11909307
11909489
11910292
11910293
11911013
11911228
11911266
11911469
11912151
11912505
11912992
11913128
11914601
11914706
11915011
11915213
11915904
11916216
11917071
11917096
11917417
11917471
11918537
11918628
11920127
11920129
11921888
11922535
11923204
11923328
11924229
11925827
11927887
11928682
12388255
12389267
12390107
12390201
12390352
12390365
12391588
12391963
12392260
12392308
12392383
12392539
12393559
12393601
12393686
12394081
12394138
12395375
12395427
12395479
12395544
12395916
12397180
12397194
12399049
12399891
12402141
12402725
12403920
12404660
12405844
12406633
12406888
12407014
12408168
12408215
12408354
12408421
12410117
12411027
12412143
12412894
12413162
12413953
12414663
12414858
12415631
12415682
12415750
12415771
12415793
12415905
12416021
12417028
12417432
12418017
12418145
12418296
12419903
12422102
12422770
12424628
12425203
12425386
12425935
12426637
12426710
12426724
12427696
12428018
12428060
12428068
12429713
12433203
12433501
12434381
12438654
12439640
12439720
12439766
12440086
12440171
12440174
12440930
12441444
12441464
12441526
12442217
12442793
12443066
12443957
12444086
12444375
12444576
12445219
12445220
12446471
12446481
12446690
12446900
12446942
12446954
12446959
12446973
12447300
12448254
12448271
12448282
12448577
12448839
12448912
12449107
12449134
12449237
12449293
12449362
12449366
12449498
12449516
12450161
12450252
12450757
12450907
12450936
12451073
12451173
12452145
12452165
12452658
12453118
12453552
12453571
12453576
12454522
12454971
12455346
12456264
12456586
12456650
12458409
12458798
12459156
12459187
12459242
12459723
12459942
12460303
12460774
12461494
12462234
12462675
12463161
12463913
12465288
12466137
12466686
12467143
12467680
12467888
12468043
12468141
12468160
12468569
12468782
12468822
12469476
12469909
12470033
12470189
12470788
12471864
12472697
12472740
12472775
12473091
12473116
12473259
12473267
12473291
12473379
12474195
12474228
12474866
12475357
12475867
12476677
12477142
12478626
12478685
12478705
12479803
12480039
12480573
12480594
12480843
12482143
12482390
12483120
12484128
12484382
12484840
12485084
12485100
12485498
12485911
12486751
12486757
12486788
12487813
12490449
12490699
12490830
12491125
12491194
12491668
12492156
12492283
12492312
12492791
12492937
12493950
12495745
12495928
12496093
12496342
12496559
12496783
12496946
12497029
12497157
12497181
12497225
12497391
12497794
12497939
12498089
12498187
12498195
12498453
12498464
12498577
12498617
12498621
12498638
12498731
12498859
12498885
12498903
12498905
12498957
12499116
12499571
12500352
12500941
12501379
12501787
12502060
12502066
12502405
12503177
12504001
12505492
12505498
12505731
12505862
12506044
12506319
12506334
12507798
12507833
12508068
12508073
12508078
12508338
12508433
12509431
12509563
12509609
12512758
12515321
12515538
12516719
12517917
12518596
12518936
12520330
12521142
12521614
12521624
12522237
12522621
12522868
12523898
12523926
12523948
12523998
12524026
12524027
12524049
12526572
12526787
12527147
12527705
12528042
12528267
12528269
12529449
12530085
12530125
12530423
12531953
12532992
12533778
12534522
12535051
12535245
12535756
12535987
12536286
12536748
12538026
12539739
12539954
12540073
12540281
12540284
12540710
12541071
12541105
12541331
12541446
12541884
12542121
12542470
12542647
12542983
12543969
12545183
12545396
12545495
12545531
12548610
12549295
12549597
12550436
12551053
12551259
12553412
12553515
12554351
12554519
12554574
12555901
12555970
12556108
12556536
12558535
12559549
12559900
12561902
12562622
12562925
12563035
12565176
12565667
12566037
12567695
12567775
12567820
12567948
12571054
12571588
12571827
12572030
12573177
12573191
12573465
12575095
12575189
12576599
12576616
12577988
12578324
12579132
12579656
12579953
12580950
12581234
12581585
12581611
12581733
12582659
12582924
12583543
12584137
12584141
12584297
12585735
12585791
12585819
12585946
12586326
12586330
12586376
12586382
12586920
12586957
12586962
12587497
12587511
12587996
12588037
12588053
12588294
12588589
12588622
12588673
12588713
12588731
12589040
12589216
12589279
12589531
12589857
12589933
12590689
12590827
12591683
12593556
12593559
12594684
12598587
12600282
12600453
12600479
12600844
12603069
12603077
12603134
12603151
12603169
12603513
12603816
12605086
12605437
12605524
12605769
12606045
12606421
12606733
12608281
12608290
12609280
12610086
12610089
12610433
12611427
12611477
12612384
12612473
12612725
12612887
12613000
12613068
12613188
12613419
12613539
12613837
12614210
12614973
12615148
12617532
12618044
12619627
12619860
12623112
12623139
12623453
12625604
12627084
12627678
12629348
12633041
12633425
12633624
12633758
12634347
12634468
12634930
12635230
12637115
12637221
12637381
12638598
12639867
12640381
12640511
12640547
12640592
12640938
12643661
12643713
12644382
12644441
12645273
12647398
12647896
12648749
12649745
12649826
12650247
12650461
12652054
12653042
12653368
12653601
12653867
12654159
12654198
12654221
12654238
12654414
12654556
12654838
12655193
12655318
12655537
12655685
12656045
12656060
12656248
12656331
12656443
12656738
12657063
12657254
12657470
12659003
12659429
12659501
12660818
12661767
12662311
12663873
12665257
12665417
12665425
12666360
12667637
12667699
12668050
12669483
12670459
12671244
12671598
12671601
12672810
12673138
12673446
12673470
12673504
12673645
12673766
12674112
12675658
12676881
12677884
12679016
12679072
12682627
12682731
12685009
12685037
12685054
12685125
12685145
12685371
12685743
12686943
12688575
12697567
12697633
12698631
12698885
12699450
12699496
12699534
12701167
12701210
12701277
12701319
12701993
12702053
12702793
12702890
12702892
12706586
12706900
12707289
12707891
12708023
12708690
12708820
12708979
12711274
12711319
12711744
12715566
12716093
12716191
12717240
12717330
12717478
12717865
12717868
12717872
12717972
12718174
12718413
12718707
12718827
12718986
12719888
12720423
12720920
12721800
12721858
12722039
12722244
12722248
12722281
12722520
12722694
12724738
12725787
12726134
12726260
12726331
12726469
12726605
12728420
12728506
12729479
12729854
12730343
12730359
12730404
12730541
12735011
12735469
12735621
12736887
12737129
12737146
12738410
12738524
12738695
12739272
12740337
12741113
12741419
12742265
12742268
12742280
12742390
12742421
12742593
12742826
12742887
12743248
12743280
12746755
12747249
12747998
12748772
12748777
12749045
12749066
12749069
12749147
12749748
12749786
12750970
12751405
12751630
12751803
12751976
12752498
12754163
12754613
12754781
12754872
12755048
12755293
12756436
12757038
12757711
12758324
12760499
12761451
12761991
12762024
12762559
12762815
12763083
12763185
12763805
12764090
12764658
12764690
12764750
12764988
12765250
12766100
12766719
12769269
12770060
12770587
12770750
12772526
12772696
12774373
12776107
12779460
12780804
12780983
12781177
12783102
12783139
12783229
12783496
12783661
12783723
12783894
12784189
12784433
12785423
12786207
12786334
12787007
12787083
12787155
12787374
12787439
12787461
12787469
12787502
12787842
12787847
12788081
12788154
12788399
12788451
12788541
12788678
12789255
12789269
12789489
12789728
12789948
12790444
12790552
12791185
12791774
12791906
12792179
12792187
12792882
12792991
12793098
12793283
12793672
12793743
12793800
12794086
12794211
12794213
12794216
12794258
12794786
12797194
12797515
12798134
12798634
12798889
12798903
12799725
12799850
12800243
12800822
12802333
12802864
12803993
12804271
12804778
12806007
12806621
12806844
12807307
12807331
12807348
12807370
12807623
12807629
12807801
12807879
12807968
12808135
12808564
12808601
12808606
12808795
12810467
12811855
12811935
12812234
12812281
12812618
12813136
12813768
12814530
12815094
12816216
12816759
12816931
12818259
12820169
12820427
12821291
12823101
12824225
12824889
12826418
12827958
12829081
12829554
12830018
12830977
12831726
12832751
12833777
12834639
12835751
12841129
12841321
12841360
12841592
12843062
12843406
12845584
12845787
12846289
12847644
12854607
12854658
12855124
12856378
12858419
12859632
12860438
12860905
12862026
12862570
12864964
12865449
12865527
12865873
12866026
12866179
12867720
12868084
12869097
12869177
12870297
12870870
12871380
12871718
12871832
12872256
12872393
12873223
12874236
12874266
12874820
12874954
12875416
12875426
12875867
12875921
12875954
12875998
12876238
12876757
12876768
12877958
12879720
12879731
12880124
12880543
12880736
12881450
12881595
12881759
12881829
12882513
12882801
12883491
12883521
12883787
12884598
12884774
12885055
12886823
12887114
12887717
12888568
12888697
12888822
12890429
12892857
12893053
12893054
12894043
12894065
12894666
12895307
12895928
12896962
12898518
12900768
12902571
12903538
12903542
12904548
12904736
12904957
12904959
12907573
12907917
12908184
12910360
12912826
12912877
12914294
12914511
12915774
12915778
12915823
12918450
12919030
12923236
12924121
12924536
12924883
12926008
12928300
12928909
12930497
12931989
12932908
12933398
12935113
12936381
12941599
12941615
12946866
12946888
12949348
12949440
12949946
12950220
12951358
12954237
12956444
12956533
12957797
12959667
12960704
12961012
12961720
12963269
12964252
12965689
12967238
12967354
12967470
12967842
12967966
12968719
12968843
12969311
12969447
12969718
12969725
12969734
12970362
12970425
12970722
12971138
12972268
12972615
12972641
12973177
12973934
12974915
12975777
12977503
12977518
12978957
12980815
12983980
12984736
12989890
12994621
12996107
12997348
12997599
12998065
12999025
13000719
13006213
13006689
13010067
13011779
13013468
13016331
13017253
13018072
13020126
13020761
13020779
13021030
13021048
13022835
13025583
13025969
13026116
13026768
13026777
13032984
13034989
13042104
13042172
13043318
13044043
13044352
13044369
13044821
13045155
13049979
13050042
13051382
13052782
13052907
13052979
13052996
13053130
13053768
13054843
13055504
13057109
13057204
13058421
13058438
13060357
13060421
13060494
13061411
13061530
13061541
13061755
13061983
13062843
13062955
13062973
13063268
13065094
13070882
13071602
13071805
13071949
13072715
13072953
13073977
13076419
13076706
13078619
13080840
13081869
13082048
13083056
13083079
13085684
13085753
13085806
13086028
13087666
13087819
13087960
13088356
13088430
13090802
13091368
13092074
13092087
13092121
13092125
13092390
13093466
13093815
13094180
13094550
13095042
13095071
13095081
13095091
13095101
13095278
13095482
13095684
13095696
13095789
13097041
13097248
13097255
13098090
13099752
13101002
13103211
13108133
13112982
13114116
13116984
13117794
13119568
13123895
13124529
13127086
13128533
13128541
13128591
13130380
13131761
13133504
13133566
13133988
13134719
13137981
13142353
13143514
13143528
13143538
13144652
13145344
13146255
13146867
13148480
13148844
13150624
13150766
13153098
13153404
13154634
13156137
13156209
13156294
13158118
13158285
13160449
13161211
13161397
13164510
13164514
13164518
13165887
13166770
13166843
13170759
13171292
13172393
13172535
13172987
13173519
13174028
13176066
13178508
13182750
13183005
13185795
13186071
13186818
13186824
13186838
13188675
13190040
13190074
13190098
13190458
13190912
13191791
13192352
13192595
13192777
13193007
13193153
13199304
13199660
13199666
13200295
13200368
13200452
13201652
13202129
13203025
13203207
13204464
13205114
13205627
13207400
13207549
13207685
13209765
13210657
13211574
13212940
13212980
13213529
13216139
13220179
13222252
13229030
13229496
13232657
13232966
13234419
13236477
13237040
13237070
13237077
13237133
13237153
13237209
13237396
13237405
13237689
13237824
13237896
13239430
13242901
13245759
13254841
13254924
13256637
13257594
13262971
13265885
13269071
13273578
13273738
13275497
13275812
13278233
13278897
13279607
13281810
13281961
13283024
13284825
13285700
13289588
13291234
13296466
13308727
13308845
13314355
13318249
13323426
13327887
13333568
13334095
13336381
13336791
13336977
13337047
13340176
13342183
13342445
13344618
13345654
13346315
13346753
13349807
13351404
13364134
13375311
13390007
13396235
13400391
13402408
13407228
13426349
13453927
13454423
13455622
13464373
13465659
13490259
13493063
13493820
13496466
13500470
13563981
13593795
13593841
13593848
13593882
13593897
13593948
13594031
13594130
13594161
13594237
13594292
13594299
13594546
13594581
13594651
13594888
13595075
13595117
13595158
13595245
13595247
13595253
13595295
13595314
13595470
13596042
13596290
13596306
13596491
13597653
13601557
13602897
19921029
